780 1581 160
773 1446 160
768 1325 32
693 1261 32
575 1282 64
630 1215 64
575 1115 32
663 1092 2
609 1013 16
530 1031 32
526 946 64
532 866 4
612 824 64
621 750 160
702 776 32
749 834 66
778 762 64
763 697 64
852 787 32
864 865 2
931 868 3
910 941 16
981 1004 32
1003 915 16
1056 824 1
1070 759 16
974 788 16
904 718 32
983 676 32
1040 619 32
1099 645 32
1166 712 32
1166 646 32
1256 594 32
1373 629 64
1403 694 64
1272 823 32
1335 837 32
1400 858 32
1453 894 48
1529 832 32
1608 772 32
1632 859 48
1701 899 32
1653 975 48
1713 1009 32
1664 1062 32
1709 1143 32
1602 1131 64
1581 1018 32
1432 988 32
1378 928 32
1305 962 32
1200 888 16
1161 818 16
1120 889 16
1157 945 16
1213 998 32
1243 1092 160
1138 1110 160
1160 1045 32
1075 997 32
1024 1055 32
1027 1152 64
948 1086 64
871 1100 48
855 1017 2
785 1000 1
802 928 3
739 912 16
668 947 16
710 1010 1
736 1084 1
776 1164 16
889 1254 32
831 1303 32
869 1366 64
1489 1031 32
1565 714 160
