592 1016 32
518 1121 16
577 1188 16
523 1350 80
604 1299 32
675 1289 16
722 1214 16
753 1320 32
877 1341 16
847 1275 16
791 1196 16
864 1140 16
942 1067 4
1014 1015 3
1052 1069 4
976 1171 4
934 1257 16
998 1265 16
1078 1265 16
1156 1281 16
1298 1372 32
1204 1155 32
1134 1187 16
1148 1108 16
1196 1052 16
1101 1006 4
1146 936 4
1072 928 1
1012 872 1
946 923 3
890 966 4
830 1020 16
766 978 16
748 883 20
752 795 4
818 806 4
866 862 4
936 818 1
996 773 2
1065 796 2
1110 854 2
1191 825 2
1228 885 4
1222 962 16
1293 926 16
1311 837 16
1444 775 16
1370 754 16
1297 740 16
1221 755 32
1129 727 32
1107 662 32
1068 576 16
923 371 80
972 464 16
1000 561 16
1026 649 4
974 694 2
878 747 4
824 699 4
738 593 16
721 702 16
691 760 16
622 758 16
639 895 32
1359 984 80
641 1182 34
320 720 640
392 1137 640
394 1490 640
395 1000 640
396 732 640
400 1211 640
438 1290 640
446 1055 640
447 775 640
447 1402 640
469 1208 640
495 1449 640
500 994 640
513 801 640
556 575 640
567 1413 640
579 513 640
592 654 640
606 1516 640
621 596 640
629 390 640
650 455 640
674 1383 640
683 1489 640
692 510 640
784 217 640
810 1378 640
833 305 640
868 1449 640
883 251 640
937 1502 640
966 1443 640
980 282 640
990 351 640
1044 401 640
1091 480 640
1115 420 640
1134 1459 640
1193 1406 640
1217 1501 640
1293 1256 640
1308 1631 640
1312 1454 640
1339 551 640
1359 984 640
1365 1303 640
1383 1442 640
1385 642 640
1396 1376 640
1428 914 640
1443 1313 640
1457 702 640
1462 1409 640
1482 967 640
1497 868 640
1501 626 640
1516 1342 640
1517 754 640
1549 692 640
1566 810 640
1574 609 640
1599 755 640
1630 920 640
1728 780 640
1798 747 640