834 1768 32
983 1610 64
1319 1656 32
1295 1438 32
1317 1305 32
1272 1249 64
1321 1179 32
1355 1240 32
1433 1216 64
1468 1100 64
1555 1104 32
1616 1053 48
1654 963 32
1643 888 64
1572 913 64
1571 815 64
1494 833 32
1473 752 160
1385 803 32
1327 742 32
1327 676 32
1238 626 64
1150 763 16
1134 690 2
1014 638 2
928 642 3
962 570 1
888 507 16
985 486 16
1140 498 64
1236 484 32
1199 395 32
1132 416 32
1055 378 32
985 374 64
899 305 160
881 404 32
767 405 32
685 404 64
711 497 32
725 571 32
800 528 16
833 594 2
843 696 2
741 670 64
715 765 32
661 838 64
817 794 32
917 780 64
1006 769 32
1039 926 160
1120 900 32
1193 846 16
1246 885 16
1316 842 16
1341 914 3
1426 960 1
1477 921 16
1537 999 16
1465 1027 2
1390 1016 1
1382 1086 2
1295 1078 16
1304 1004 1
1240 996 16
1146 995 32
1164 1086 64
1200 1230 32
