877 265 80
895 335 16
840 391 32
832 492 32
764 551 16
736 615 16
815 645 16
873 601 16
1048 867 16
1138 852 16
1198 895 4
1282 920 3
1244 984 1
1158 956 2
1106 1018 2
1039 1050 4
1002 1107 3
983 1008 16
918 1018 16
850 1052 16
810 995 32
742 1106 16
676 1154 32
688 1227 32
623 1244 32
709 1294 16
729 1375 32
797 1416 32
861 1381 32
902 1588 8
915 1489 32
952 1361 32
899 1297 2
814 1263 2
838 1160 2
926 1141 2
979 1234 2
1015 1302 8
1051 1227 16
1120 1195 16
1077 1122 2
1141 1094 12
1207 1066 1
1222 1142 4
1229 1229 16
1345 1246 16
1409 1255 16
1450 1353 80
1600 1322 8
1548 1284 32
1555 1194 20
1424 1184 4
1367 1120 4
1289 1064 1
1347 1013 3
1446 1014 20
1490 886 16
1419 872 16
1377 762 32
1250 786 20
1283 698 16
1209 620 16
1147 586 16
1051 604 16
967 590 16
934 487 2
1024 448 2
1112 456 16
1075 390 4
1160 358 16
1131 272 32
991 304 16
953 372 20
1485 1269 16
1514 1106 16
1545 943 80
