641 1651 64
862 1393 32
937 1386 32
1008 1314 2
969 1260 16
1013 1200 16
1060 1144 64
1098 1199 32
1102 1265 32
1146 1330 160
1069 1389 2
1003 1460 64
1102 1457 32
1163 1477 32
1215 1576 160
1193 1674 160
1365 1777 32
1386 1714 32
1446 1754 32
1504 1783 160
1530 1724 160
1671 1156 64
1728 1126 160
1690 1030 4
1739 955 64
1808 904 4
1647 974 64
1613 915 64
1587 856 64
1382 742 32
1414 655 32
1341 636 32
1281 673 32
1219 703 32
1154 728 32
1088 796 32
1000 721 16
1054 676 1
1111 618 2
1193 608 32
1101 518 32
1067 459 32
1020 357 64
960 322 32
833 234 160
736 338 4
821 329 48
858 398 32
934 428 48
911 541 32
976 560 16
1033 527 16
1033 615 1
940 679 32
899 756 32
798 779 32
811 844 16
738 879 3
709 811 32
646 894 16
597 832 32
526 865 32
383 950 32
499 958 32
623 988 32
689 994 64
739 1040 64
770 950 2
853 925 1
918 922 3
894 857 3
958 835 16
1015 866 32
993 938 32
1029 1035 32
956 1077 16
925 1006 9
863 1029 3
859 1094 16
910 1157 2
838 1195 32
892 1284 48
783 1278 64
1271 1657 160
