679 784 16
598 848 16
543 813 16
474 856 16
535 898 16
569 980 16
627 1042 32
676 1090 32
705 1155 16
734 1234 16
750 1341 16
732 1403 16
664 1441 16
652 1564 32
715 1485 16
796 1394 16
868 1417 32
971 1440 32
1013 1370 32
1067 1408 16
1066 1334 16
1090 1264 4
1158 1261 2
1167 1343 16
1209 1408 16
1268 1452 16
1301 1534 16
1382 1622 32
1413 1558 16
1428 1472 80
1355 1499 16
1322 1414 16
1282 1353 2
1242 1281 2
1312 1281 2
1370 1322 32
1384 1237 32
1322 1185 16
1199 1190 2
1196 1119 12
1233 1042 4
1344 1076 16
1410 1006 16
1430 932 16
1511 942 32
1553 875 32
1487 854 16
1486 783 32
1373 887 32
1354 956 4
1297 915 16
1233 910 16
1204 976 16
1144 952 16
1125 1034 4
1054 1092 3
1114 1120 3
1069 1187 2
1011 1146 1
933 1181 3
978 1241 4
946 1308 32
857 1335 32
886 1259 4
846 1203 4
816 1135 4
840 1057 1
903 1093 1
965 1070 1
983 996 4
905 977 4
820 991 4
763 1029 4
747 956 4
739 865 16
812 829 32
892 875 16
980 880 16
1064 880 16
955 805 16
943 454 16
912 360 80
1692 795 80
