532 660 80
630 689 16
584 761 16
625 829 4
724 886 4
781 820 12
715 803 2
737 731 16
831 717 16
807 650 32
879 557 80
936 590 32
903 708 20
967 712 16
1007 772 16
885 826 2
845 876 2
872 961 2
930 921 2
931 1007 2
992 978 1
1039 1036 4
1078 1099 4
1125 1020 1
1092 964 12
1039 908 4
1068 843 16
1161 902 16
1193 999 2
1259 937 16
1339 920 16
1393 965 16
1412 1029 16
1322 1025 2
1338 1144 4
1424 1173 34
1491 1182 16
1466 1278 16
1376 1252 32
1286 1289 32
1368 1367 32
1237 1438 16
1210 1839 8
1167 1560 32
1170 1420 16
1213 1368 20
1148 1345 16
1079 1285 16
1211 1266 2
1168 1210 4
1228 1179 1
1276 1124 1
1225 1081 1
1167 1111 1
1118 1162 4
1060 1194 16
1004 1150 16
901 1117 16
825 1043 16
744 985 16
685 1031 32
632 969 16
544 927 16
444 994 16
415 1095 16
420 1202 32
392 1289 80
335 1256 16
321 1191 16
341 1104 16
365 1017 16
337 907 16
417 909 16
466 859 16
534 806 16
498 728 32
