1600 386 4
1488 301 64
1126 575 32
1053 531 32
981 536 32
969 658 2
989 724 1
1051 675 12
1169 748 32
1158 670 32
1224 665 64
1307 763 32
1225 803 32
1211 870 12
1116 881 2
1116 815 12
1049 821 1
975 807 1
991 887 17
927 877 2
895 810 3
843 765 16
914 722 1
875 662 16
898 601 32
832 583 32
793 651 32
759 710 16
759 802 16
671 719 32
628 795 64
695 861 16
612 905 16
546 841 32
487 896 32
464 963 64
538 991 32
544 1062 32
616 1073 64
586 1135 64
515 1175 64
576 1200 64
553 1265 64
632 1311 64
680 1372 32
739 1402 32
792 1361 32
876 1366 32
789 1266 16
866 1262 32
887 1177 32
973 1197 64
952 1116 32
882 1061 2
923 976 2
1001 960 16
1025 1046 32
1088 1011 32
1160 958 32
1226 987 32
1275 930 32
1348 934 32
1338 835 64
1404 880 32
1438 823 64
1489 885 64
1532 936 48
1451 973 32
1515 1017 32
1587 1132 32
1723 1168 32
1652 1086 32
1705 998 64
1600 993 32
1610 905 64
1674 855 64
1179 1063 160
