978 682 4
710 1441 80
780 1493 16
820 1565 16
764 1621 80
864 1623 80
896 1552 16
870 1493 4
803 1417 16
885 1380 16
957 1393 4
1001 1469 16
1077 1386 16
1124 1437 16
1195 1454 16
1253 1502 16
1330 1500 16
1483 1603 32
1392 1476 80
1297 1434 16
1241 1390 4
1316 1279 80
1216 1289 16
1148 1225 16
1050 1243 16
980 1244 16
1066 1157 32
1221 1164 16
1269 1112 16
1176 1094 16
1112 1043 16
1224 1042 16
1293 1001 16
1366 978 16
1410 928 16
1460 820 32
1546 800 640
1549 723 80
1445 718 16
1375 809 4
1290 831 1
1311 924 4
1240 937 4
1142 938 4
1080 958 16
1017 881 16
1120 851 2
1182 868 3
1179 787 1
1095 788 9
1014 748 4
978 806 16
930 763 16
875 697 16
793 617 16
647 559 16
871 584 16
939 604 32
1023 584 16
1059 513 16
1158 491 16
1136 565 4
1127 641 2
1075 684 3
1170 711 1
1261 735 3
1324 764 2
1368 690 16
1304 654 16
1221 634 4
1253 548 20
1277 480 16
1268 416 16
1356 345 32
1375 419 640
1352 510 640
924 1295 16
363 450 640
408 371 640
439 447 640
481 1690 640
501 393 640
523 497 640
549 599 640
549 1489 640
555 320 640
581 1430 640
587 501 640
603 417 640
609 622 640
629 1539 640
635 1283 640
635 1605 640
642 1404 640
662 791 640
674 478 640
688 1690 640
708 720 640
710 1539 640
713 412 640
744 1354 640
747 1759 640
758 1823 640
774 515 640
778 776 640
793 1281 640
795 1691 640
824 869 640
843 1738 640
845 1166 640
853 1250 640
860 792 640
888 963 640
904 1791 640
914 1203 640
935 870 640
937 1628 640
1001 1028 640
1013 1643 640
1041 409 640
1063 1555 640
1110 324 640
1133 412 640
1193 353 640
1205 1597 640
1262 1646 640
1272 284 640
1336 1598 640
1354 1403 640
1397 1306 640
1431 1410 640
1433 572 640
1439 359 640
1443 1066 640
1461 1531 640
1490 1346 640
1491 949 640
1499 397 640
1509 663 640
1550 878 640
1564 945 640
1585 668 640
1661 741 640
1720 641 640
1758 759 640