1365 564 80
1354 759 16
1293 779 16
1215 861 2
1139 852 12
1125 788 4
1076 835 3
998 844 2
1034 910 1
1092 964 1
1151 1023 1
1164 934 1
1230 965 12
1309 977 12
1328 890 16
1394 901 16
1375 825 32
1460 797 32
1486 889 32
1510 960 16
1583 970 16
1656 928 16
1642 1094 80
1534 1130 80
1553 1061 16
1478 1041 16
1450 1108 16
1377 1123 16
1397 1034 2
1329 1051 12
1254 1048 2
1193 1110 4
1287 1175 16
1299 1284 80
1227 1252 16
1154 1219 16
1088 1277 16
1019 1455 32
939 1519 16
928 1412 16
960 1317 20
870 1303 16
748 1281 32
805 1243 16
870 1219 16
973 1219 4
985 1129 2
1059 1167 4
1114 1106 4
1041 1055 1
960 999 4
935 1062 4
873 1119 16
791 1109 16
806 1005 16
778 946 16
809 877 16
919 875 2
887 792 12
813 722 12
736 731 2
794 809 4
722 888 16
659 824 16
605 789 16
642 705 16
597 657 8
645 614 32
575 584 32
564 425 16
716 493 32
754 593 16
827 577 32
884 660 8
936 586 32
964 664 32
1020 732 16
1063 659 32
1128 718 16
1199 697 16
1219 626 16
1270 666 16
1132 620 80
1030 1351 16
348 1447 640
365 281 640
370 745 640
370 1328 640
389 487 640
402 379 640
435 300 640
457 633 640
462 985 640
471 387 640
483 900 640
494 204 640
498 483 640
503 579 640
505 1353 640
507 322 640
515 782 640
568 1383 640
571 939 640
572 338 640
583 1268 640
616 234 640
643 1342 640
649 1269 640
654 378 640
707 1207 640
708 1380 640
709 1086 640
769 435 640
774 359 640
775 1393 640
779 1639 640
810 507 640
816 1580 640
857 1420 640
859 1712 640
871 1531 640
874 501 640
939 1600 640
945 487 640
1003 585 640
1066 554 640
1080 455 640
1086 1500 640
1130 1411 640
1177 1349 640
1239 1316 640
1255 545 640
1256 472 640
1271 313 640
1347 1347 640
1381 636 640
1390 303 640
1397 499 640
1402 1408 640
1410 414 640
1410 1240 640
1413 1334 640
1419 688 640
1460 454 640
1472 1261 640
1474 539 640
1492 686 640
1494 1447 640
1507 1198 640
1523 779 640
1533 447 640
1641 757 640
1675 857 640
1676 1026 640
1705 1129 640
1737 912 640
1753 1013 640
1777 847 640
1790 1197 640