214 1582 32
332 1576 32
370 1138 8
338 1044 8
398 1008 8
375 944 2
307 951 32
324 820 32
404 832 16
519 793 16
648 762 16
760 733 16
853 691 16
923 604 80
952 667 16
1019 703 2
1068 789 2
1109 722 3
1082 656 1
1021 607 16
1082 573 16
1148 646 1
1206 612 4
1161 546 20
1193 461 16
1217 313 16
1261 256 16
1343 271 32
1378 347 8
1304 399 16
1259 476 16
1305 664 80
1293 765 80
1216 776 16
1256 863 32
1249 965 16
1272 1036 4
1326 1102 1
1389 1085 2
1349 1007 16
1425 1014 32
1516 1004 16
1611 974 20
1664 936 16
1690 1024 16
1644 1087 16
1496 1099 20
1470 1194 32
1387 1222 16
1349 1312 16
1269 1408 16
1184 1429 32
1099 1425 32
1037 1449 16
892 1582 80
924 1522 16
977 1392 16
1051 1338 16
1041 1232 16
1094 1160 32
1163 1184 2
1135 1281 4
1205 1321 3
1222 1234 1
1265 1165 1
1217 1112 3
1195 1021 2
1124 1067 32
1022 1012 32
1113 909 4
1035 916 16
956 940 32
940 870 16
867 864 32
787 811 16
718 788 16
655 826 12
571 832 20
490 884 20
459 954 16
446 1068 32
1565 1087 16
1370 1428 80
108 870 640
124 494 640
142 1546 640
186 1165 640
189 808 640
217 931 640
226 1108 640
273 1152 640
284 1661 640
316 1347 640
425 1423 640
445 737 640
553 1045 640
572 935 640
577 665 640
642 1015 640
662 924 640
748 647 640
782 946 640
783 1641 640
816 582 640
819 1403 640
890 1439 640
894 1650 640
926 1189 640
931 490 640
972 1259 640
978 547 640
985 1591 640
1052 1524 640
1073 1616 640
1132 272 640
1138 1525 640
1179 220 640
1188 154 640
1295 1593 640
1321 1504 640
1329 463 640
1361 177 640
1366 1560 640
1385 730 640
1433 552 640
1440 1341 640
1446 1479 640
1475 1668 640
1486 1266 640
1527 862 640
1558 1202 640
1591 281 640
1595 889 640
1612 1284 640
1641 1153 640
1694 1254 640
1697 876 640
1771 1163 640
1800 1074 640
1807 819 640
1837 1141 640
1919 1217 640
1927 955 640