427 817 80
712 723 16
780 664 20
709 649 16
739 579 16
721 482 32
873 562 80
843 651 16
910 684 16
951 737 16
984 646 16
1061 622 16
1136 668 16
1295 674 16
1234 725 8
1301 763 32
1356 797 32
1416 756 32
1508 748 8
1383 957 80
1305 988 16
1240 949 16
1311 879 16
1230 794 2
1166 802 3
1130 859 1
1100 802 1
1052 729 12
1015 814 2
1030 884 1
1033 987 4
1073 1060 4
1120 983 2
1174 1019 3
1152 1087 1
1117 1169 5
1034 1266 16
1102 1338 4
1138 1269 4
1200 1194 2
1268 1157 16
1278 1072 20
1387 1161 80
1331 1219 32
1267 1254 20
1351 1315 32
1304 1360 16
1215 1358 16
1258 1484 32
1150 1459 16
1126 1527 16
1232 1621 80
1242 1711 80
1147 1639 16
1033 1733 80
1059 1630 16
1055 1552 4
977 1516 2
921 1559 4
962 1635 16
880 1646 32
792 1666 32
845 1591 16
832 1526 16
765 1484 16
770 1404 16
826 1440 16
910 1466 4
916 1392 16
850 1379 34
873 1318 32
808 1319 32
748 1122 32
925 1199 32
1011 1196 34
1001 1128 16
967 1069 16
904 1014 16
838 990 16
807 930 16
921 924 4
948 863 1
899 794 2
814 784 4
827 853 16
747 878 32
692 821 16
616 836 16
530 833 32
811 1741 80
1422 879 80
