648 661 32
710 745 32
788 710 32
835 644 16
903 688 16
900 811 16
845 777 16
816 845 16
832 935 32
886 900 32
913 969 32
838 1026 32
732 1047 32
679 1090 80
724 1157 16
789 1131 16
801 1235 16
694 1228 16
728 1319 32
791 1378 16
790 1538 80
850 1506 80
881 1420 16
854 1360 16
919 1344 32
978 1379 16
1036 1347 20
1080 1407 16
1075 1471 80
1133 1368 16
1199 1361 16
1279 1362 16
1241 1285 16
1313 1270 16
1389 1229 16
1270 1160 16
1324 1096 32
1354 1016 16
1462 1040 16
1468 949 16
1535 906 16
1542 840 32
1478 859 16
1435 798 16
1394 869 4
1400 937 20
1331 899 4
1279 959 4
1232 1048 4
1170 1025 1
1193 943 2
1110 958 1
1072 1042 1
1098 1107 1
1034 1150 1
1112 1192 3
1171 1251 2
1113 1291 4
1046 1266 4
979 1284 4
973 1216 1
913 1252 4
887 1190 4
866 1113 16
945 1132 4
1005 1026 2
1013 954 2
977 868 4
1070 875 2
1135 823 2
1207 840 4
1300 833 16
1344 782 16
1372 696 80
1307 680 32
1242 600 80
1281 743 16
1213 755 16
1152 706 32
1062 741 32
985 708 16
1015 614 16
923 605 16
907 500 16
828 506 32
806 575 16
740 542 16
664 524 80
733 641 16
1356 1338 80
