1 201 1272
1 212 184
1 272 323
1 277 1443
1 355 1037
1 363 597
1 374 811
1 424 192
1 424 1493
1 489 1273
1 565 1072
1 574 173
1 588 1504
1 712 1603
1 716 1708
1 757 259
1 808 1761
1 834 405
1 989 1720
1 1001 393
1 1158 1648
1 1164 421
1 1227 149
1 1281 1462
1 1307 366
1 1527 156
1 1547 1356
1 1569 524
1 1599 1517
1 1600 705
1 1631 357
1 1703 1243
1 1773 708
1 1839 1114
1 1908 962
1 1919 672
2 129 1018
2 183 669
2 197 1820
2 214 1449
2 238 1245
2 248 463
2 343 1779
2 361 642
2 468 1692
2 483 1306
2 485 1490
2 554 534
2 583 1104
2 704 575
2 753 1523
2 756 1009
2 805 1714
2 818 1248
2 840 449
2 916 1831
2 999 395
2 1015 239
2 1021 1721
2 1207 1620
2 1314 1736
2 1378 1897
2 1433 672
2 1495 149
2 1514 1772
2 1547 783
2 1564 1553
2 1581 1356
2 1584 497
2 1701 336
2 1713 753
2 1770 1282
2 1828 448
2 1863 871
2 1920 1108
2 1920 1283
3 130 1141
3 167 1467
3 279 953
3 295 1127
3 304 787
3 385 1523
3 426 649
3 546 516
3 606 1605
3 687 128
3 729 1866
3 738 343
3 858 133
3 877 1693
3 883 281
3 916 1876
3 964 1570
3 1052 218
3 1087 1482
3 1143 1294
3 1224 225
3 1285 1244
3 1346 436
3 1376 149
3 1406 626
3 1438 1256
3 1542 128
3 1555 1363
3 1563 517
3 1575 1530
3 1589 696
3 1672 1645
3 1712 472
3 1737 266
3 1760 703
3 1809 1708
3 1890 1066
3 1904 1465
3 1912 787
3 1918 1214
4 267 690
4 269 1107
4 312 945
4 373 1365
4 403 580
4 499 1454
4 592 599
4 611 1620
4 697 1756
4 818 478
4 825 1881
4 998 1650
4 1006 279
4 1022 1894
4 1075 1503
4 1161 1272
4 1186 345
4 1198 1860
4 1319 424
4 1332 1252
4 1470 514
4 1477 1292
4 1478 1553
4 1549 1716
4 1606 1370
4 1733 456
4 1735 1604
4 1866 642
4 1875 1437
4 1919 792
5 161 966
5 163 717
5 323 788
5 328 1117
5 365 1678
5 407 1833
5 424 401
5 454 1539
5 478 649
5 553 287
5 558 493
5 582 1873
5 614 1537
5 619 1284
5 635 155
5 700 1413
5 752 1808
5 816 128
5 834 1658
5 1023 129
5 1090 1694
5 1171 162
5 1186 1851
5 1236 1008
5 1239 1205
5 1245 299
5 1328 1421
5 1361 453
5 1491 1539
5 1502 1071
5 1515 1292
5 1537 472
5 1558 1897
5 1608 671
5 1668 1537
5 1696 1829
5 1743 1667
5 1749 1329
5 1792 739
5 1886 1108
6 129 820
6 147 1144
6 158 1742
6 159 973
6 171 1588
6 194 1429
6 267 724
6 310 1735
6 355 559
6 406 395
6 422 1446
6 529 1556
6 532 1214
6 602 475
6 796 1282
6 848 462
6 931 1378
6 934 1888
6 996 489
6 1018 1562
6 1042 1776
6 1155 565
6 1300 715
6 1362 1755
6 1410 1912
6 1468 647
6 1475 1517
6 1481 483
6 1486 323
6 1629 869
6 1639 318
6 1677 1537
6 1688 1061
6 1693 613
6 1767 432
6 1835 1194
6 1839 1006
6 1849 1396
7 260 933
7 268 721
7 389 1023
7 427 633
7 474 1323
7 530 1593
7 531 1906
7 533 1748
7 538 521
7 545 364
7 604 1186
7 766 1910
7 785 267
7 945 1903
7 981 215
7 1145 185
7 1298 239
7 1343 464
7 1414 1687
7 1440 1889
7 1552 533
7 1571 1098
7 1592 1549
7 1600 910
7 1604 1261
7 1685 1391
7 1752 515
7 1768 839
7 1887 581
8 130 1380
8 150 1013
8 301 1407
8 308 1054
8 330 619
8 437 844
8 450 1486
8 480 548
8 489 1001
8 551 154
8 594 1547
8 656 396
8 693 1670
8 875 1763
8 991 128
8 1054 1653
8 1096 1503
8 1255 1479
8 1396 133
8 1428 311
8 1429 1519
8 1496 521
8 1638 710
8 1651 547
8 1662 1528
8 1717 842
8 1755 1006
8 1815 1305
8 1874 1121
8 1900 1477
9 234 171
9 282 775
9 331 331
9 339 1002
9 441 128
9 448 1716
9 486 442
9 499 701
9 533 1096
9 615 195
9 618 1844
9 652 1679
9 760 1029
9 773 1578
9 907 189
9 911 1439
9 919 1038
9 989 1920
9 1013 1204
9 1058 1753
9 1070 1399
9 1137 180
9 1297 1886
9 1392 400
9 1415 210
9 1450 1918
9 1499 1507
9 1524 514
9 1563 1710
9 1606 1288
9 1700 645
9 1759 1206
9 1858 1060
9 1861 627
10 237 806
10 241 656
10 279 978
10 291 1167
10 307 1364
10 415 623
10 456 1554
10 503 417
10 684 1569
10 708 281
10 796 146
10 864 1548
10 968 197
10 1012 1584
10 1118 198
10 1174 356
10 1184 1592
10 1357 1714
10 1366 426
10 1478 1234
10 1512 534
10 1530 1481
10 1536 1044
10 1552 1679
10 1701 844
10 1711 660
10 1888 876
10 1912 671
11 149 687
11 151 919
11 248 564
11 316 904
11 322 1837
11 390 617
11 398 1677
11 433 1265
11 479 833
11 501 1406
11 517 389
11 521 1020
11 536 1552
11 611 1887
11 639 295
11 741 1748
11 787 130
11 933 1678
11 1066 177
11 1080 1608
11 1151 376
11 1272 1636
11 1310 437
11 1440 514
11 1489 1414
11 1544 1671
11 1653 646
11 1665 1351
11 1675 1104
11 1776 984
11 1866 810
12 131 820
12 168 672
12 293 589
12 294 1047
12 403 1740
12 415 1476
12 446 597
12 494 1250
12 544 1834
12 648 563
12 698 1810
12 748 359
12 851 193
12 938 1644
12 1088 1642
12 1111 130
12 1214 265
12 1224 1724
12 1297 460
12 1412 1820
12 1429 567
12 1560 1780
12 1584 1325
12 1631 566
12 1650 1588
12 1700 1082
12 1885 668
12 1898 883
13 333 375
13 334 1668
13 364 550
13 383 1479
13 504 260
13 524 719
13 561 1295
13 576 1633
13 660 1765
13 679 332
13 722 850
13 766 1193
13 830 341
13 842 1824
13 876 1090
13 977 1752
13 990 292
13 1121 1708
13 1143 260
13 1283 1707
13 1323 185
13 1445 1736
13 1477 252
13 1520 480
13 1544 1297
13 1553 1145
13 1582 1451
13 1614 1794
13 1631 1002
13 1640 607
13 1706 1558
13 1712 817
13 1740 1707
13 1801 632